1 0.0101578 0.00406597
2 0.0227191 0.010589
3 -0.0629069 -0.0317227
4 -0.441228 -0.245912
5 -0.175856 0.0267904
6 0.0217146 0.0657235
7 0.129731 0.071274
8 0.391621 0.19604
9 0.136042 -0.035862
10 0.174731 0.0640411
11 0.0260807 -0.0367531
12 -0.149714 -0.0976489
13 -0.544461 -0.222648
14 -0.425477 -0.0920851
15 -0.469827 -0.154434
16 -0.331579 -0.058211
17 -0.182653 -0.0103468
18 -0.122497 -0.0189423
19 -0.0246315 0.021728
20 0.0628957 0.0448905
21 0.194179 0.09742
22 0.278243 0.1085
23 0.336853 0.118478
24 0.389174 0.132324
25 0.437732 0.145803
26 0.40372 0.110866
27 0.358185 0.0937813
28 0.276824 0.0586512
29 0.166876 0.0171063
30 0.0493456 -0.020423
31 -0.132476 -0.0942691
32 -0.238592 -0.103414
33 -0.181263 -0.0371993
34 -0.0465982 0.0263968
35 0.104147 0.076454
36 0.19602 0.0863728
37 0.142397 0.0266501
38 0.157653 0.051905
39 0.191163 0.0674523
40 0.199132 0.062199
41 0.156338 0.0341465
42 0.0679772 -0.00602526
43 -0.0478688 -0.0490291
44 -0.162152 -0.0828603
45 -0.271065 -0.113948
46 -0.348832 -0.127967
47 -0.395629 -1.2
48 -0.222186 -0.0146308
49 0.487688 0.359306
50 0.792109 0.32907
51 0.793116 0.238422
52 0.812242 0.249671
53 0.893085 0.292522
54 0.784377 0.203117
55 0.69321 0.181094
56 0.520584 0.104916
57 0.277667 0.0109799
58 -0.0162811 -0.0925153
59 -0.28453 -0.165307
60 -0.420957 -0.166727
61 -0.471039 -0.155893
62 -0.445925 -0.125841
63 -0.386541 -0.0977808
64 -0.304162 -0.0661964
65 -0.137762 0.00891694
66 -0.0875185 -0.0108652
67 -0.105077 -0.0364832
68 -0.144718 -0.0550136
69 -0.173967 -0.0606867
70 -0.167764 -0.0482058
71 -0.116049 -0.0190488
72 -0.0106876 0.0286527
73 0.106677 0.0674732
74 0.206649 0.0922659
75 0.295785 0.115783
76 0.336446 0.113471
77 0.316588 -1.2
78 0.211786 0.0324535
79 0.14757 0.0253782
80 0.144566 0.0428539
81 0.0708547 -0.000465084
82 0.0405819 0.00348844
83 0.00168807 -0.0107659
84 -0.129834 -0.0780233
85 -0.130586 -0.0390296
86 -0.157993 -0.055263
87 -0.203109 -0.0741294
88 -0.181099 -0.0474057
89 -0.176754 -0.0514176
90 -0.127669 -0.030657
91 -0.099973 -0.0214114
92 -0.0803794 -0.0179715
93 -0.0658365 -0.01513
94 -0.0555686 -0.0133372
95 -0.0495287 1.2
96 -0.0446317 -0.0116716
97 -0.0424476 1.2
98 -0.0406787 1.2
99 -0.0130521 -0.0009078
100 0.00793524 0.00892267
101 -0.00955345 -0.00786763
102 0.0536185 0.0352871
103 -0.0206384 -0.0282205
104 -0.146478 -0.0814606
105 -0.246559 -0.103781
106 -0.284075 -0.096292
107 -0.285008 -0.0856239
108 -0.0252708 0.0704962
109 0.125675 1.2
110 0.100503 0.0227647
111 0.0476914 -0.0013659
112 0.148446 0.0749438
113 0.219433 0.0873302
114 0.325838 0.129908
115 0.306766 0.086571
116 0.324574 0.103008
117 0.319456 0.094624
118 0.353765 0.116778
119 0.398417 0.133314
120 0.443871 0.147231
121 0.495978 1.2
122 0.51911 0.159733
