1 2.26169 0 0.511898
2 3 0 0.661466
3 -1.0376 0.341127 0
4 0.123422 0 0.113789
5 1.79842 0 0.486565
6 2.19735 0 0.479224
7 0.584544 0 0.0164256
8 2.30055 0 0.594946
9 1.20184 0 0.179373
10 1.23361 0 0.266095
11 2.02496 0 0.47956
12 0.924173 0 0.127878
13 1.6991 0 0.390438
14 1.73687 0 0.375252
15 1.01831 0 0.179614
16 1.69425 0 0.414113
17 1.41858 0 0.293783
18 1.2368 0 0.265237
19 1.59629 0 0.376619
20 1.27713 0 0.26656
21 1.34434 0 0.308391
22 1.44278 0 0.331709
23 1.56363 0 0.35901
24 1.178 0 0.247609
25 1.43085 0 0.344303
26 1.40107 0 0.319966
27 1.22693 0 0.276257
28 1.40161 0 0.337013
29 1.33373 0 0.307793
30 1.2927 0 0.302757
31 1.35427 0 0.323608
32 1.31098 0 0.308922
33 1.30722 0 0.312243
34 1.29775 0 0.311249
35 1.31848 0 0.318826
36 1.26257 0 0.303542
37 1.32643 0 0.326025
38 1.26841 0 0.307156
39 1.27586 0 0.314506
40 1.30108 0 0.322096
41 1.27432 0 0.314378
42 1.23066 0 0.305693
43 1.28593 0 0.324959
44 1.2752 0 0.319469
45 1.26987 0 0.32005
46 1.20601 0 0.304388
47 1.32787 0 1
48 0.582536 0 0.132572
49 -0.0136873 0 0.0237512
50 1.00005 0 0.340196
51 1.73417 0 0.469181
52 0.762941 0 0.156324
53 1.35779 0 0.386277
54 1.35539 0 0.345344
55 1.00188 0 0.251067
56 1.32924 0 0.365529
57 1.21041 0 0.31174
58 1.16716 0 0.309547
59 1.26524 0 0.340322
60 1.16675 0 0.30803
61 1.20378 0 0.326127
62 1.24584 0 0.336138
63 1.10697 0 0.296806
64 1.20554 0 0.334345
65 1.25483 0 0.342007
66 1.0765 0 0.291487
67 1.22335 0 0.344842
68 1.14386 0 0.314245
69 1.16306 0 0.326156
70 1.13336 0 0.317925
71 1.15028 0 0.325722
72 1.13861 0 0.322527
73 1.17225 0 0.333598
74 1.11518 0 0.316949
75 1.12839 0 0.325639
76 1.15493 0 0.333037
77 1.08942 1 0
78 2.99983 0 0.836887
79 0.951298 0 0.151005
80 -0.409716 0.0734808 0
81 1.49146 0 0.5366
82 2.90149 0 0.787126
83 -0.301829 0.176774 0
84 0.949382 0 0.386235
85 1.64494 0 0.488095
86 0.582901 0 0.153239
87 1.22264 0 0.401534
88 0.257561 0 0.0964386
89 0.730948 0 0.29254
90 0.15787 0 0.125045
91 0.803972 0 0.320354
92 0.504198 0 0.194692
93 0.535347 0 0.224622
94 0.699954 0 0.267586
95 0.668049 1 0
96 0.999753 0 0.340242
97 0.916541 1 0
98 -0.0461425 1 0
99 1.9669 0 0.563325
100 0.773937 0 0.195026
101 1.1571 0 0.383144
102 1.13047 0 0.350266
103 0.96334 0 0.307966
104 1.00026 0 0.330634
105 1.10438 0 0.357266
106 0.948693 0 0.308892
107 1.09936 0 0.36157
108 1.03796 0 0.335483
109 0.958713 1 0
110 2.99981 0 0.878027
111 0.952075 0 0.183214
112 -0.423439 0.0452571 0
113 1.11763 0 0.468235
114 1.83438 0 0.555716
115 0.300673 0 0.0917445
116 1.25503 0 0.458036
117 1.25146 0 0.391517
118 0.687735 0 0.24025
119 1.15862 0 0.408009
120 0.855976 0 0.294188
121 0.0708321 1 0
122 0.99997 0 0.378692
